200512111420
200701310316
200712200755
200610170125
200701130423
200708152341
200504111220
200604291658
200711151506
200607170820
200709130230
200505190155
200508160246
200506150251
200703250042
200601040832
200709122349
200711141541
200708160839
200711251953
200503281610
200605280312
200709130335
200708152022
200507020216
200703250108
200603140657
200608242150
200604302141
200707161417
200609301750
200511142138
200705062111
200711291900
200709121111
200701302137
200706240025
200709020105
200506141710
200702200804
200601081135
200703250040
200710151229
200612300831
200608250044
200708081705
200510080350
200507241542
200710242102
200711160313
200503021042
